10,163
10,289
10,303
10,35
10,241
10,97
10,277
11,11
11,2
11,3
49,4
49,3
8,14
8,8
49,2
49,1
49,0
48,3
8,17
8,7
48,2
48,1
48,0
47,3
47,2
47,1
47,0
46,5
46,4
46,3
46,2
46,1
46,0
45,4
45,3
45,2
45,1
45,0
43,5
43,4
43,3
43,2
43,1
43,0
40,5
40,4
40,3
40,2
40,1
40,0
38,5
38,4
38,3
38,2
38,1
38,0
36,3
36,1
34,3
34,1
29,3
29,1
26,3
26,1
20,3
20,2
20,1
17,3
19,2
19,1
17,2
17,1
16,3
19,3
16,2
16,1
15,3
15,2
15,1
14,2
13,2
12,3
12,2
12,1
11,29
11,28
11,27
11,26
11,25
11,24
11,23
11,22
11,21
11,20
11,19
18,1
11,18
11,17
18,3
11,13
11,9
11,1
14,1
11,5
14,3
13,1
10,255
10,233
13,3
